(0, (0, 0, 0), (0, 0)): [780021, 162913, 75664, 35503, 16124, 6988, 2962, 1188, 475, 217, 104, 39, 12, 7, 3]
(0, (0, 0, 0), (0, 1)): [403066, 77313, 35592, 16653, 7362, 3151, 1285, 497, 221, 95, 43, 20, 3, 2, 2]
(0, (0, 0, 0), (0, 2)): [163642, 27693, 12531, 5767, 2485, 1025, 430, 164, 69, 31, 9, 4, 2, 1, 1]
(0, (0, 0, 0), (1, 0)): [296206, 65628, 31426, 14804, 6905, 3006, 1313, 547, 188, 95, 51, 13, 7, 5, 1]
(0, (0, 0, 0), (1, 1)): [318593, 63896, 30015, 14081, 6358, 2750, 1103, 459, 182, 84, 39, 14, 2, 3, 1]
(0, (0, 0, 0), (1, 2)): [235855, 41235, 19160, 8669, 3808, 1582, 665, 264, 113, 45, 10, 4, 1, 2, 1]
(0, (0, 0, 0), (2, 0)): [92820, 22578, 11715, 5563, 2709, 1137, 529, 217, 77, 39, 23, 6, 3, 2]
(0, (0, 0, 0), (2, 1)): [156689, 34583, 17057, 8097, 3720, 1640, 662, 284, 109, 53, 28, 11, 4, 3]
(0, (0, 0, 0), (2, 2)): [184789, 35185, 16856, 7861, 3443, 1471, 630, 238, 102, 44, 16, 6, 2, 2, 1]
(0, (0, 0, 0), (3, 0)): [25874, 6895, 4291, 2143, 1088, 421, 200, 91, 35, 22, 11, 3, 0, 1]
(0, (0, 0, 0), (3, 1)): [58570, 14733, 8239, 4047, 1968, 886, 334, 170, 69, 32, 13, 7, 3, 3]
(0, (0, 0, 0), (3, 2)): [96316, 21065, 11327, 5424, 2490, 1080, 453, 200, 83, 39, 14, 8, 3, 2]
(0, (0, 0, 1), (0, 0)): [1889, 6417, 1761, 967, 453, 211, 92, 31, 14, 12, 8, 1]
(0, (0, 0, 1), (0, 1)): [930, 2842, 769, 404, 161, 93, 31, 14, 6, 5, 2, 1]
(0, (0, 0, 1), (0, 2)): [432, 1073, 291, 153, 53, 40, 14, 6, 5, 0, 1]
(0, (0, 0, 1), (1, 0)): [795, 2800, 772, 444, 244, 90, 50, 15, 8, 5, 5]
(0, (0, 0, 1), (1, 1)): [766, 2495, 661, 362, 182, 84, 27, 12, 5, 9, 0, 1]
(0, (0, 0, 1), (1, 2)): [668, 1654, 438, 240, 100, 50, 17, 8, 3, 3]
(0, (0, 0, 1), (2, 0)): [312, 1013, 291, 189, 99, 32, 24, 7, 3, 1, 5]
(0, (0, 0, 1), (2, 1)): [404, 1419, 365, 237, 110, 53, 23, 8, 4, 6, 1, 1]
(0, (0, 0, 1), (2, 2)): [578, 1531, 409, 220, 103, 53, 16, 8, 3, 3, 1]
(0, (0, 0, 1), (3, 0)): [110, 348, 92, 74, 38, 13, 8, 1, 0, 0, 3]
(0, (0, 0, 1), (3, 1)): [172, 582, 157, 136, 56, 26, 16, 0, 2, 5, 0, 1]
(0, (0, 0, 1), (3, 2)): [318, 913, 244, 185, 85, 45, 16, 2, 1, 2]
(0, (0, 1, 0), (0, 0)): [30968, 27975, 11629, 6057, 2810, 1267, 569, 235, 96, 43, 15, 8, 4, 0, 1]
(0, (0, 1, 0), (0, 1)): [14415, 12048, 4970, 2469, 1128, 493, 222, 92, 35, 20, 9, 2, 3, 0, 1]
(0, (0, 1, 0), (0, 2)): [6173, 4406, 1818, 882, 399, 174, 75, 32, 14, 4, 0, 0, 2]
(0, (0, 1, 0), (1, 0)): [12646, 11403, 4976, 2707, 1296, 589, 264, 109, 51, 17, 6, 4]
(0, (0, 1, 0), (1, 1)): [11926, 9996, 4269, 2216, 1046, 442, 206, 85, 34, 23, 10, 3, 1, 0, 1]
(0, (0, 1, 0), (1, 2)): [8846, 6528, 2736, 1394, 610, 263, 107, 56, 21, 9, 2, 1, 2, 0, 1]
(0, (0, 1, 0), (2, 0)): [4557, 4024, 1904, 1091, 553, 259, 106, 50, 21, 4, 1, 3]
(0, (0, 1, 0), (2, 1)): [6376, 5440, 2453, 1298, 679, 285, 147, 51, 22, 15, 5, 3]
(0, (0, 1, 0), (2, 2)): [7312, 5590, 2381, 1255, 587, 248, 116, 48, 21, 9, 4, 1, 1, 0, 1]
(0, (0, 1, 0), (3, 0)): [1543, 1189, 628, 459, 217, 108, 42, 24, 9, 1]
(0, (0, 1, 0), (3, 1)): [2842, 2248, 1113, 734, 373, 161, 74, 32, 8, 6, 2, 2]
(0, (0, 1, 0), (3, 2)): [4396, 3259, 1472, 905, 438, 207, 96, 38, 8, 8, 2, 1, 0, 0, 1]
(0, (0, 1, 1), (0, 0)): [2317, 4100, 4801, 2288, 1254, 595, 272, 121, 55, 22, 14, 7, 2, 2]
(0, (0, 1, 1), (0, 1)): [1124, 1891, 2060, 959, 518, 236, 105, 49, 21, 8, 3, 3, 1]
(0, (0, 1, 1), (0, 2)): [548, 754, 783, 353, 207, 88, 38, 21, 7, 1, 1, 2]
(0, (0, 1, 1), (1, 0)): [994, 1713, 2055, 1020, 575, 294, 135, 58, 28, 11, 7, 4, 1, 1]
(0, (0, 1, 1), (1, 1)): [907, 1557, 1770, 807, 453, 209, 98, 31, 14, 8, 5, 3, 2]
(0, (0, 1, 1), (1, 2)): [774, 1062, 1161, 493, 294, 132, 59, 23, 14, 1, 2, 3, 1]
(0, (0, 1, 1), (2, 0)): [385, 692, 737, 411, 250, 138, 57, 30, 20, 5, 3, 1, 0, 1]
(0, (0, 1, 1), (2, 1)): [455, 809, 927, 453, 236, 127, 57, 27, 6, 6, 6, 1, 1]
(0, (0, 1, 1), (2, 2)): [604, 879, 989, 445, 262, 120, 44, 19, 11, 5, 2, 2, 1]
(0, (0, 1, 1), (3, 0)): [194, 330, 297, 209, 133, 62, 31, 9, 15, 1, 0, 1, 0, 1]
(0, (0, 1, 1), (3, 1)): [183, 342, 367, 208, 112, 73, 32, 14, 10, 3, 2, 1]
(0, (0, 1, 1), (3, 2)): [348, 515, 514, 294, 163, 75, 39, 18, 8, 4, 3, 0, 1]
(0, (1, 0, 0), (0, 0)): [152654, 46122, 34079, 17390, 8560, 3782, 1595, 706, 291, 133, 65, 22, 5, 6, 2]
(0, (1, 0, 0), (0, 1)): [73372, 20179, 14839, 7464, 3540, 1535, 656, 250, 125, 60, 29, 9, 1, 3]
(0, (1, 0, 0), (0, 2)): [30220, 7179, 5318, 2550, 1152, 510, 208, 92, 40, 25, 9, 2]
(0, (1, 0, 0), (1, 0)): [56979, 18933, 14032, 7455, 3701, 1644, 682, 315, 116, 57, 29, 10, 3, 1, 2]
(0, (1, 0, 0), (1, 1)): [53994, 15878, 11776, 6115, 2938, 1302, 570, 237, 100, 42, 24, 9, 1, 2, 1]
(0, (1, 0, 0), (1, 2)): [38673, 9800, 7198, 3656, 1689, 737, 320, 134, 58, 24, 9, 5, 0, 0, 1]
(0, (1, 0, 0), (2, 0)): [17564, 6490, 4988, 2759, 1441, 644, 236, 109, 40, 32, 13, 3, 3]
(0, (1, 0, 0), (2, 1)): [25448, 8244, 6202, 3261, 1702, 735, 314, 149, 58, 35, 16, 4, 1, 2]
(0, (1, 0, 0), (2, 2)): [27976, 7858, 5726, 2934, 1413, 610, 299, 118, 54, 21, 9, 3, 1, 1]
(0, (1, 0, 0), (3, 0)): [4583, 2065, 1590, 1084, 542, 258, 94, 32, 19, 13, 6, 1, 2]
(0, (1, 0, 0), (3, 1)): [9289, 3598, 2743, 1647, 867, 400, 164, 76, 27, 18, 8, 3, 2]
(0, (1, 0, 0), (3, 2)): [13417, 4746, 3361, 1923, 956, 410, 213, 93, 42, 15, 7, 6]
(0, (1, 0, 1), (0, 0)): [3338, 9885, 3969, 3180, 1637, 775, 365, 162, 72, 43, 18, 2, 4, 1]
(0, (1, 0, 1), (0, 1)): [1693, 4184, 1718, 1353, 653, 301, 130, 66, 31, 15, 8, 1, 2]
(0, (1, 0, 1), (0, 2)): [841, 1569, 649, 505, 226, 100, 42, 26, 10, 0, 3, 1, 2]
(0, (1, 0, 1), (1, 0)): [1256, 3961, 1630, 1261, 690, 334, 177, 66, 31, 23, 8, 1, 1, 1]
(0, (1, 0, 1), (1, 1)): [1260, 3229, 1373, 996, 527, 242, 126, 50, 28, 19, 4, 1, 1]
(0, (1, 0, 1), (1, 2)): [1060, 2108, 877, 645, 315, 148, 67, 33, 20, 4, 2, 1, 2]
(0, (1, 0, 1), (2, 0)): [399, 1308, 529, 467, 253, 128, 64, 27, 16, 12, 2]
(0, (1, 0, 1), (2, 1)): [575, 1590, 689, 508, 284, 143, 76, 29, 11, 17, 3]
(0, (1, 0, 1), (2, 2)): [752, 1593, 705, 505, 264, 124, 66, 28, 11, 9, 1]
(0, (1, 0, 1), (3, 0)): [126, 383, 174, 142, 100, 47, 24, 9, 9, 2]
(0, (1, 0, 1), (3, 1)): [234, 559, 292, 227, 128, 64, 40, 20, 9, 9, 2]
(0, (1, 0, 1), (3, 2)): [388, 818, 416, 282, 188, 85, 50, 19, 10, 8, 2]
(0, (1, 1, 0), (0, 0)): [24254, 14314, 9964, 8034, 4326, 2028, 889, 397, 171, 77, 29, 17, 3, 2, 2]
(0, (1, 1, 0), (0, 1)): [11909, 6304, 4276, 3412, 1810, 813, 380, 159, 73, 22, 10, 8, 1, 1, 1]
(0, (1, 1, 0), (0, 2)): [5220, 2370, 1544, 1265, 640, 289, 119, 66, 25, 9, 3, 2]
(0, (1, 1, 0), (1, 0)): [8862, 5561, 3954, 3333, 1769, 872, 378, 181, 67, 33, 16, 7, 2, 1, 1]
(0, (1, 1, 0), (1, 1)): [8753, 4863, 3386, 2732, 1438, 665, 300, 134, 44, 19, 13, 5, 1, 1, 2]
(0, (1, 1, 0), (1, 2)): [6779, 3135, 2154, 1741, 882, 406, 172, 80, 35, 15, 3, 2]
(0, (1, 1, 0), (2, 0)): [2543, 1893, 1354, 1163, 690, 347, 155, 75, 28, 12, 5, 4]
(0, (1, 1, 0), (2, 1)): [4024, 2448, 1749, 1440, 827, 379, 175, 79, 28, 9, 8, 5, 1, 0, 2]
(0, (1, 1, 0), (2, 2)): [4896, 2503, 1713, 1359, 760, 332, 160, 73, 25, 11, 4, 3, 0, 0, 1]
(0, (1, 1, 0), (3, 0)): [561, 631, 445, 375, 272, 137, 70, 31, 7, 4, 2, 1]
(0, (1, 1, 0), (3, 1)): [1324, 1035, 778, 672, 445, 231, 103, 54, 13, 5, 4, 2, 1, 0, 1]
(0, (1, 1, 0), (3, 2)): [2249, 1431, 1053, 840, 537, 250, 120, 66, 15, 9, 5, 1, 0, 0, 1]
(0, (1, 1, 1), (0, 0)): [2385, 4696, 3516, 2459, 2218, 1121, 546, 246, 119, 48, 19, 9, 2, 2, 1]
(0, (1, 1, 1), (0, 1)): [1292, 2171, 1563, 1092, 969, 483, 222, 108, 53, 13, 8, 3, 1, 0, 1]
(0, (1, 1, 1), (0, 2)): [691, 899, 568, 420, 367, 163, 77, 44, 18, 5, 6, 1, 0, 0, 1]
(0, (1, 1, 1), (1, 0)): [815, 1792, 1390, 989, 855, 480, 231, 98, 45, 29, 8, 4]
(0, (1, 1, 1), (1, 1)): [873, 1622, 1216, 822, 749, 429, 186, 92, 48, 14, 4, 3]
(0, (1, 1, 1), (1, 2)): [802, 1140, 799, 549, 503, 241, 111, 56, 25, 13, 4, 3]
(0, (1, 1, 1), (2, 0)): [232, 521, 474, 365, 305, 160, 85, 35, 12, 12, 3, 2]
(0, (1, 1, 1), (2, 1)): [380, 760, 627, 449, 387, 229, 106, 47, 26, 7, 3, 1]
(0, (1, 1, 1), (2, 2)): [537, 856, 625, 448, 381, 210, 104, 51, 27, 10, 4, 1]
(0, (1, 1, 1), (3, 0)): [46, 128, 127, 120, 88, 52, 35, 14, 3, 6, 1, 1]
(0, (1, 1, 1), (3, 1)): [106, 251, 247, 189, 172, 104, 47, 20, 8, 5, 1, 2]
(0, (1, 1, 1), (3, 2)): [199, 384, 356, 268, 235, 140, 81, 29, 17, 5, 3, 2]
(1, (0, 0, 0), (0, 0)): [651172, 76383, 30935, 12601, 4956, 1945, 754, 259, 85, 35, 14, 5, 1]
(1, (0, 0, 0), (0, 1)): [332963, 34937, 14066, 5638, 2200, 835, 327, 111, 35, 15, 7, 3, 1]
(1, (0, 0, 0), (0, 2)): [137191, 12052, 4907, 1842, 725, 272, 97, 29, 6, 5, 1, 1]
(1, (0, 0, 0), (1, 0)): [253476, 32373, 13556, 5578, 2194, 893, 324, 106, 47, 18, 6, 2]
(1, (0, 0, 0), (1, 1)): [267434, 30356, 12399, 4970, 1964, 725, 316, 109, 34, 11, 10, 3, 1]
(1, (0, 0, 0), (1, 2)): [197633, 18742, 7545, 2885, 1139, 415, 163, 48, 20, 7, 3, 1, 1]
(1, (0, 0, 0), (2, 0)): [82682, 11737, 5279, 2323, 914, 379, 128, 36, 22, 11, 1]
(1, (0, 0, 0), (2, 1)): [135554, 17107, 7341, 3080, 1247, 486, 183, 62, 14, 12, 7, 3]
(1, (0, 0, 0), (2, 2)): [158934, 16747, 6995, 2832, 1100, 409, 152, 54, 19, 5, 3, 2]
(1, (0, 0, 0), (3, 0)): [23739, 3703, 2086, 979, 366, 157, 58, 16, 15, 4, 1]
(1, (0, 0, 0), (3, 1)): [52764, 7611, 3928, 1727, 715, 276, 92, 35, 14, 5, 5]
(1, (0, 0, 0), (3, 2)): [85893, 10550, 5236, 2120, 911, 334, 119, 49, 14, 4, 5, 1]
(1, (0, 0, 1), (0, 0)): [15183, 21323, 4519, 2146, 846, 325, 149, 51, 22, 4, 2, 3]
(1, (0, 0, 1), (0, 1)): [7117, 8645, 1793, 804, 270, 109, 59, 20, 3, 1, 1]
(1, (0, 0, 1), (0, 2)): [3260, 3021, 611, 272, 89, 41, 15, 2, 2, 0, 1]
(1, (0, 0, 1), (1, 0)): [6700, 9601, 2107, 1069, 450, 171, 70, 29, 18, 3, 1, 1]
(1, (0, 0, 1), (1, 1)): [6166, 7648, 1630, 768, 272, 97, 57, 22, 7, 2, 0, 1]
(1, (0, 0, 1), (1, 2)): [4921, 4533, 1024, 447, 160, 62, 36, 9, 3, 2, 1, 1]
(1, (0, 0, 1), (2, 0)): [2775, 3853, 904, 534, 231, 92, 37, 18, 9, 2]
(1, (0, 0, 1), (2, 1)): [3416, 4414, 964, 512, 194, 69, 28, 20, 5, 1]
(1, (0, 0, 1), (2, 2)): [4255, 4162, 956, 450, 147, 54, 37, 13, 1, 2, 1, 1]
(1, (0, 0, 1), (3, 0)): [1282, 1495, 401, 297, 125, 60, 23, 8, 6, 1]
(1, (0, 0, 1), (3, 1)): [1533, 1933, 495, 267, 132, 52, 16, 11, 5, 2]
(1, (0, 0, 1), (3, 2)): [2558, 2533, 639, 344, 126, 60, 32, 11, 1]
(1, (0, 1, 0), (0, 0)): [81049, 32458, 13215, 5919, 2421, 1000, 382, 144, 38, 25, 8, 1, 1]
(1, (0, 1, 0), (0, 1)): [37909, 14333, 5710, 2339, 972, 391, 151, 63, 11, 10, 4, 1, 1]
(1, (0, 1, 0), (0, 2)): [15764, 5184, 2006, 744, 353, 124, 45, 19, 4, 4, 1, 1, 1]
(1, (0, 1, 0), (1, 0)): [35594, 14567, 6068, 3041, 1210, 504, 186, 71, 27, 13, 4]
(1, (0, 1, 0), (1, 1)): [32552, 12454, 5095, 2273, 872, 356, 152, 55, 14, 4, 5]
(1, (0, 1, 0), (1, 2)): [23458, 7870, 3054, 1294, 526, 198, 84, 32, 7, 4, 1, 1]
(1, (0, 1, 0), (2, 0)): [14106, 5643, 2540, 1479, 633, 253, 82, 37, 13, 8, 2]
(1, (0, 1, 0), (2, 1)): [18334, 7040, 3102, 1512, 604, 250, 95, 37, 13, 4, 4]
(1, (0, 1, 0), (2, 2)): [20115, 6850, 2798, 1324, 506, 209, 80, 32, 4, 2, 3]
(1, (0, 1, 0), (3, 0)): [5793, 2158, 1049, 773, 338, 143, 45, 18, 4, 5]
(1, (0, 1, 0), (3, 1)): [8237, 3023, 1511, 930, 374, 153, 63, 31, 9, 4, 1]
(1, (0, 1, 0), (3, 2)): [12244, 4189, 1897, 1072, 437, 172, 73, 31, 5, 2, 2]
(1, (0, 1, 1), (0, 0)): [12276, 10725, 8624, 3730, 1938, 811, 336, 137, 46, 16, 12, 3, 1]
(1, (0, 1, 1), (0, 1)): [5468, 4011, 3465, 1404, 662, 248, 112, 53, 16, 4, 5, 1]
(1, (0, 1, 1), (0, 2)): [2682, 1298, 1293, 501, 225, 92, 46, 20, 3, 0, 4]
(1, (0, 1, 1), (1, 0)): [5903, 5299, 4045, 1862, 1069, 488, 192, 75, 25, 11, 5, 2, 1]
(1, (0, 1, 1), (1, 1)): [4542, 3571, 2982, 1224, 641, 229, 92, 41, 17, 6, 0, 2]
(1, (0, 1, 1), (1, 2)): [3878, 2095, 1944, 751, 384, 139, 59, 25, 8, 4, 3, 1]
(1, (0, 1, 1), (2, 0)): [2965, 2629, 1851, 967, 630, 315, 120, 46, 14, 6, 5, 1]
(1, (0, 1, 1), (2, 1)): [2405, 1992, 1671, 733, 377, 157, 65, 21, 9, 0, 1]
(1, (0, 1, 1), (2, 2)): [3224, 1848, 1725, 698, 335, 136, 56, 16, 8, 1, 3, 1]
(1, (0, 1, 1), (3, 0)): [1979, 1583, 998, 602, 490, 242, 86, 40, 12, 4, 4, 1]
(1, (0, 1, 1), (3, 1)): [1020, 889, 691, 337, 219, 104, 34, 19, 7, 1]
(1, (0, 1, 1), (3, 2)): [1784, 1161, 980, 456, 293, 104, 42, 17, 8, 1, 2, 1]
(1, (1, 0, 0), (0, 0)): [228888, 37151, 28125, 12271, 5008, 2040, 785, 309, 108, 43, 22, 5, 2]
(1, (1, 0, 0), (0, 1)): [109164, 16159, 11975, 5149, 2058, 812, 299, 130, 43, 15, 9, 2, 1]
(1, (1, 0, 0), (0, 2)): [44546, 5669, 4046, 1725, 688, 292, 90, 36, 10, 5, 4]
(1, (1, 0, 0), (1, 0)): [89729, 15978, 11976, 5501, 2239, 929, 379, 135, 49, 19, 12, 3, 1]
(1, (1, 0, 0), (1, 1)): [83767, 13229, 9810, 4411, 1746, 667, 290, 108, 40, 14, 7, 3, 1]
(1, (1, 0, 0), (1, 2)): [59165, 8021, 5798, 2539, 1013, 370, 145, 65, 20, 6, 6]
(1, (1, 0, 0), (2, 0)): [29055, 5694, 4390, 2196, 905, 380, 157, 57, 25, 5, 5]
(1, (1, 0, 0), (2, 1)): [41141, 7088, 5341, 2651, 1033, 423, 165, 58, 19, 8, 5, 2, 1]
(1, (1, 0, 0), (2, 2)): [44252, 6583, 4720, 2217, 896, 343, 127, 55, 16, 7, 2, 1, 1]
(1, (1, 0, 0), (3, 0)): [8096, 1848, 1419, 844, 361, 141, 82, 23, 14, 1, 1]
(1, (1, 0, 0), (3, 1)): [15737, 3207, 2417, 1479, 557, 224, 114, 29, 19, 1, 3]
(1, (1, 0, 0), (3, 2)): [22362, 4169, 2880, 1611, 609, 239, 104, 39, 17, 7, 1, 1, 1]
(1, (1, 0, 1), (0, 0)): [18364, 19017, 6079, 4618, 2040, 869, 333, 145, 54, 25, 5, 3, 2]
(1, (1, 0, 1), (0, 1)): [8779, 7917, 2519, 1888, 781, 314, 123, 50, 23, 9, 3, 1, 2]
(1, (1, 0, 1), (0, 2)): [4071, 2763, 904, 699, 275, 91, 49, 20, 6, 3, 2, 0, 1]
(1, (1, 0, 1), (1, 0)): [7159, 7632, 2555, 1962, 929, 412, 147, 74, 23, 13, 1, 2]
(1, (1, 0, 1), (1, 1)): [6597, 6251, 2065, 1500, 664, 296, 102, 38, 18, 7, 1, 2, 1]
(1, (1, 0, 1), (1, 2)): [5077, 3652, 1244, 947, 377, 148, 72, 25, 11, 3, 3]
(1, (1, 0, 1), (2, 0)): [2403, 2506, 909, 700, 364, 163, 60, 35, 7, 6, 0, 1]
(1, (1, 0, 1), (2, 1)): [3308, 3149, 1063, 771, 421, 174, 55, 20, 9, 10, 0, 2]
(1, (1, 0, 1), (2, 2)): [3788, 2815, 1004, 737, 352, 137, 54, 17, 8, 6, 1]
(1, (1, 0, 1), (3, 0)): [785, 756, 303, 249, 140, 74, 25, 12, 0, 2]
(1, (1, 0, 1), (3, 1)): [1224, 1156, 458, 376, 215, 92, 31, 14, 3, 5, 0, 1]
(1, (1, 0, 1), (3, 2)): [1887, 1560, 632, 441, 271, 97, 39, 12, 8, 4, 0, 1]
(1, (1, 1, 0), (0, 0)): [66603, 18542, 12273, 10071, 4227, 1795, 704, 276, 98, 39, 20, 6, 1]
(1, (1, 1, 0), (0, 1)): [32215, 8184, 5326, 4354, 1740, 740, 275, 117, 51, 17, 9, 1, 1]
(1, (1, 1, 0), (0, 2)): [13681, 3097, 1908, 1573, 609, 230, 76, 40, 14, 4, 3]
(1, (1, 1, 0), (1, 0)): [25887, 8025, 5315, 4295, 1888, 778, 346, 131, 33, 19, 11, 3]
(1, (1, 1, 0), (1, 1)): [25071, 6720, 4525, 3639, 1495, 643, 252, 103, 44, 15, 9, 2, 1]
(1, (1, 1, 0), (1, 2)): [18386, 4334, 2724, 2178, 879, 364, 128, 61, 31, 5, 4, 0, 1]
(1, (1, 1, 0), (2, 0)): [8258, 3034, 1891, 1516, 778, 324, 152, 55, 13, 11, 6, 1]
(1, (1, 1, 0), (2, 1)): [12287, 3683, 2530, 2000, 930, 387, 163, 64, 20, 12, 5, 2]
(1, (1, 1, 0), (2, 2)): [13915, 3601, 2366, 1786, 820, 356, 129, 65, 28, 7, 2, 1, 1]
(1, (1, 1, 0), (3, 0)): [2155, 1088, 680, 480, 325, 128, 63, 25, 3, 5, 1, 1]
(1, (1, 1, 0), (3, 1)): [4432, 1822, 1205, 940, 506, 231, 98, 30, 9, 6, 2, 1]
(1, (1, 1, 0), (3, 2)): [7063, 2287, 1581, 1152, 602, 258, 83, 40, 21, 6, 3]
(1, (1, 1, 1), (0, 0)): [13776, 10957, 6435, 4190, 3710, 1603, 660, 248, 89, 34, 13, 4]
(1, (1, 1, 1), (0, 1)): [7229, 4773, 2803, 1798, 1569, 629, 271, 92, 39, 18, 5]
(1, (1, 1, 1), (0, 2)): [3589, 1735, 1046, 677, 569, 223, 93, 21, 8, 8, 2]
(1, (1, 1, 1), (1, 0)): [4833, 4414, 2605, 1740, 1575, 698, 297, 110, 40, 10, 7, 4]
(1, (1, 1, 1), (1, 1)): [5075, 3776, 2243, 1481, 1272, 520, 248, 80, 33, 11, 3, 1]
(1, (1, 1, 1), (1, 2)): [4377, 2355, 1446, 938, 771, 325, 146, 42, 19, 8, 3, 1]
(1, (1, 1, 1), (2, 0)): [1289, 1536, 930, 579, 571, 282, 119, 48, 19, 6, 2, 2]
(1, (1, 1, 1), (2, 1)): [2196, 2015, 1199, 788, 702, 300, 134, 49, 22, 8, 2, 1]
(1, (1, 1, 1), (2, 2)): [2984, 1937, 1183, 748, 655, 285, 130, 43, 20, 9, 2, 1]
(1, (1, 1, 1), (3, 0)): [208, 464, 341, 176, 171, 103, 49, 19, 4, 1, 0, 1]
(1, (1, 1, 1), (3, 1)): [571, 840, 555, 342, 307, 159, 66, 24, 13, 2, 2, 1]
(1, (1, 1, 1), (3, 2)): [1133, 1135, 739, 465, 400, 220, 90, 24, 16, 4, 3]
(2, (0, 0, 0), (0, 0)): [576224, 30036, 9590, 3124, 1042, 298, 106, 35, 9, 3, 0, 1]
(2, (0, 0, 0), (0, 1)): [288674, 12142, 3967, 1329, 453, 127, 42, 10, 3, 1]
(2, (0, 0, 0), (0, 2)): [117748, 3487, 1183, 377, 134, 37, 3, 3, 1]
(2, (0, 0, 0), (1, 0)): [230304, 13746, 4575, 1477, 490, 136, 58, 15, 6, 1]
(2, (0, 0, 0), (1, 1)): [238608, 11439, 3838, 1286, 445, 130, 51, 11, 4, 1]
(2, (0, 0, 0), (1, 2)): [172115, 5936, 2012, 688, 227, 68, 17, 4, 1]
(2, (0, 0, 0), (2, 0)): [78365, 5271, 2070, 641, 216, 61, 23, 3, 3]
(2, (0, 0, 0), (2, 1)): [125808, 7007, 2667, 827, 290, 88, 38, 7, 5]
(2, (0, 0, 0), (2, 2)): [143844, 5810, 2191, 711, 227, 70, 25, 4, 1]
(2, (0, 0, 0), (3, 0)): [23616, 1712, 920, 294, 103, 26, 8, 1]
(2, (0, 0, 0), (3, 1)): [51405, 3462, 1667, 537, 169, 47, 18, 5, 3]
(2, (0, 0, 0), (3, 2)): [82294, 4259, 2008, 649, 207, 69, 24, 6, 2]
(2, (0, 0, 1), (0, 0)): [51189, 13004, 3253, 1172, 399, 134, 43, 18, 3, 5, 0, 1]
(2, (0, 0, 1), (0, 1)): [23337, 5298, 1211, 409, 136, 56, 9, 3, 0, 3]
(2, (0, 0, 1), (0, 2)): [9885, 1684, 368, 131, 42, 18, 4, 0, 0, 1]
(2, (0, 0, 1), (1, 0)): [23542, 6164, 1633, 667, 235, 62, 32, 15, 3, 2, 0, 1]
(2, (0, 0, 1), (1, 1)): [20798, 4949, 1177, 452, 140, 48, 13, 7, 0, 3]
(2, (0, 0, 1), (1, 2)): [15193, 2796, 615, 234, 81, 24, 4, 4, 0, 3]
(2, (0, 0, 1), (2, 0)): [10067, 2534, 771, 374, 146, 34, 17, 8, 2, 1, 0, 1]
(2, (0, 0, 1), (2, 1)): [12181, 2990, 807, 337, 107, 24, 17, 6, 0, 2]
(2, (0, 0, 1), (2, 2)): [13629, 2704, 652, 267, 84, 23, 8, 5, 0, 1]
(2, (0, 0, 1), (3, 0)): [4670, 985, 371, 241, 92, 24, 8, 3, 2, 0, 0, 1]
(2, (0, 0, 1), (3, 1)): [5594, 1353, 458, 258, 80, 17, 10, 2, 1, 1]
(2, (0, 0, 1), (3, 2)): [8518, 1843, 527, 266, 92, 20, 11, 2, 1, 2]
(2, (0, 1, 0), (0, 0)): [136279, 25609, 8189, 3008, 1043, 307, 110, 29, 8, 3, 1]
(2, (0, 1, 0), (0, 1)): [62700, 10492, 3137, 1022, 389, 114, 30, 5, 5, 2]
(2, (0, 1, 0), (0, 2)): [26452, 3265, 964, 296, 102, 23, 6, 1, 3]
(2, (0, 1, 0), (1, 0)): [62325, 12060, 4095, 1748, 563, 167, 67, 23, 1, 1]
(2, (0, 1, 0), (1, 1)): [55112, 9654, 3000, 1088, 387, 107, 42, 8, 2, 2]
(2, (0, 1, 0), (1, 2)): [40545, 5370, 1637, 552, 196, 43, 21, 3, 2]
(2, (0, 1, 0), (2, 0)): [26668, 4925, 1877, 992, 334, 102, 36, 16, 1, 1]
(2, (0, 1, 0), (2, 1)): [31419, 5743, 1903, 811, 265, 80, 25, 4, 0, 2]
(2, (0, 1, 0), (2, 2)): [35636, 5020, 1645, 635, 224, 61, 21, 4, 0, 1]
(2, (0, 1, 0), (3, 0)): [12893, 2026, 894, 623, 215, 70, 25, 14, 1, 1]
(2, (0, 1, 0), (3, 1)): [14329, 2643, 1007, 558, 195, 52, 23, 4, 0, 1]
(2, (0, 1, 0), (3, 2)): [22052, 3399, 1207, 636, 221, 56, 26, 6, 0, 1]
(2, (0, 1, 1), (0, 0)): [33340, 2529, 6059, 2108, 823, 289, 90, 29, 5, 2, 1]
(2, (0, 1, 1), (0, 1)): [15332, 941, 2497, 798, 270, 98, 31, 8, 1, 2]
(2, (0, 1, 1), (0, 2)): [6861, 317, 793, 259, 87, 30, 8, 4, 0, 2]
(2, (0, 1, 1), (1, 0)): [15519, 1415, 2882, 1094, 503, 176, 55, 18, 3, 0, 1]
(2, (0, 1, 1), (1, 1)): [13321, 928, 2340, 777, 305, 108, 34, 7, 2, 0, 1]
(2, (0, 1, 1), (1, 2)): [10475, 570, 1374, 407, 160, 57, 15, 4, 1, 2, 1]
(2, (0, 1, 1), (2, 0)): [7086, 783, 1233, 529, 315, 102, 32, 13, 1]
(2, (0, 1, 1), (2, 1)): [7741, 588, 1373, 507, 248, 67, 22, 6, 1]
(2, (0, 1, 1), (2, 2)): [9383, 591, 1312, 458, 182, 59, 15, 4, 2, 1]
(2, (0, 1, 1), (3, 0)): [3866, 500, 602, 296, 202, 84, 19, 11, 1]
(2, (0, 1, 1), (3, 1)): [3431, 344, 615, 251, 168, 49, 19, 7]
(2, (0, 1, 1), (3, 2)): [5798, 472, 861, 339, 172, 58, 16, 5, 2, 1]
(2, (1, 0, 0), (0, 0)): [276496, 19349, 14748, 4851, 1600, 497, 173, 57, 19, 4, 0, 1]
(2, (1, 0, 0), (0, 1)): [131644, 7933, 5620, 1823, 592, 197, 66, 26, 7, 2, 0, 1]
(2, (1, 0, 0), (0, 2)): [53284, 2354, 1621, 534, 158, 45, 16, 11, 4, 0, 0, 1]
(2, (1, 0, 0), (1, 0)): [111089, 8963, 6692, 2370, 803, 227, 85, 24, 9, 2]
(2, (1, 0, 0), (1, 1)): [103390, 6905, 5027, 1739, 569, 173, 62, 15, 5, 2]
(2, (1, 0, 0), (1, 2)): [72584, 3692, 2448, 900, 278, 72, 27, 11, 3, 1, 0, 1]
(2, (1, 0, 0), (2, 0)): [36570, 3374, 2461, 1004, 358, 101, 35, 13, 6, 1]
(2, (1, 0, 0), (2, 1)): [52571, 3971, 3001, 1151, 380, 119, 38, 10, 6]
(2, (1, 0, 0), (2, 2)): [56115, 3374, 2270, 899, 282, 80, 32, 10, 3, 1]
(2, (1, 0, 0), (3, 0)): [10672, 1270, 731, 404, 149, 48, 14, 8, 3, 1]
(2, (1, 0, 0), (3, 1)): [20860, 2101, 1411, 694, 218, 62, 20, 8, 4]
(2, (1, 0, 0), (3, 2)): [29984, 2512, 1570, 767, 257, 67, 22, 12, 1]
(2, (1, 0, 1), (0, 0)): [50313, 10408, 4140, 3186, 1095, 322, 121, 36, 9, 6, 0, 1, 1]
(2, (1, 0, 1), (0, 1)): [23994, 4361, 1627, 1185, 414, 133, 50, 17, 4, 1, 0, 0, 1]
(2, (1, 0, 1), (0, 2)): [10140, 1341, 496, 337, 131, 36, 13, 8, 0, 1]
(2, (1, 0, 1), (1, 0)): [20785, 4473, 2041, 1511, 562, 149, 57, 15, 3, 4, 0, 1]
(2, (1, 0, 1), (1, 1)): [19183, 3598, 1549, 1134, 402, 124, 45, 15, 3, 2, 0, 1, 1]
(2, (1, 0, 1), (1, 2)): [13961, 1931, 821, 548, 210, 68, 26, 8, 1, 1]
(2, (1, 0, 1), (2, 0)): [7296, 1511, 829, 573, 256, 70, 25, 6, 3]
(2, (1, 0, 1), (2, 1)): [9929, 1886, 962, 661, 290, 80, 27, 10, 1, 1, 0, 1]
(2, (1, 0, 1), (2, 2)): [10797, 1548, 764, 515, 200, 65, 31, 6, 1]
(2, (1, 0, 1), (3, 0)): [2427, 455, 331, 204, 112, 32, 15, 1, 3]
(2, (1, 0, 1), (3, 1)): [4208, 766, 517, 333, 188, 37, 21, 3, 4, 1]
(2, (1, 0, 1), (3, 2)): [5955, 823, 603, 363, 185, 47, 20, 7, 2, 1]
(2, (1, 1, 0), (0, 0)): [109466, 15229, 7821, 6410, 2077, 641, 216, 79, 21, 9, 4, 2]
(2, (1, 1, 0), (0, 1)): [53791, 6417, 3161, 2528, 800, 233, 78, 23, 4, 4, 2, 1]
(2, (1, 1, 0), (0, 2)): [23149, 1971, 972, 756, 250, 63, 24, 7, 0, 3]
(2, (1, 1, 0), (1, 0)): [43874, 6493, 3651, 2934, 1054, 314, 104, 41, 17, 4, 1, 1]
(2, (1, 1, 0), (1, 1)): [43056, 5504, 2902, 2283, 760, 250, 61, 28, 8, 2, 3, 2]
(2, (1, 1, 0), (1, 2)): [32245, 3014, 1575, 1183, 395, 117, 24, 9, 4, 1, 2, 2]
(2, (1, 1, 0), (2, 0)): [14962, 2250, 1463, 1132, 523, 133, 49, 19, 10, 3]
(2, (1, 1, 0), (2, 1)): [22308, 3009, 1758, 1409, 572, 165, 49, 23, 7, 2]
(2, (1, 1, 0), (2, 2)): [25624, 2601, 1556, 1109, 441, 115, 29, 11, 9, 0, 2, 1]
(2, (1, 1, 0), (3, 0)): [4592, 669, 603, 368, 233, 60, 21, 10, 6, 3]
(2, (1, 1, 0), (3, 1)): [9299, 1291, 970, 739, 379, 103, 29, 10, 5, 2]
(2, (1, 1, 0), (3, 2)): [14139, 1635, 1286, 812, 425, 94, 31, 13, 7, 1, 1]
(2, (1, 1, 1), (0, 0)): [34410, 5004, 5463, 2771, 2437, 720, 244, 87, 31, 12, 1, 1]
(2, (1, 1, 1), (0, 1)): [17943, 1832, 2297, 1108, 938, 306, 103, 32, 17, 6, 1]
(2, (1, 1, 1), (0, 2)): [8238, 601, 711, 360, 284, 79, 38, 4, 3, 1, 1]
(2, (1, 1, 1), (1, 0)): [12620, 2810, 2350, 1277, 1113, 333, 116, 48, 12, 5]
(2, (1, 1, 1), (1, 1)): [13655, 1941, 1997, 1033, 855, 278, 95, 33, 15, 6]
(2, (1, 1, 1), (1, 2)): [11066, 1051, 1099, 558, 441, 158, 54, 10, 4, 4, 1]
(2, (1, 1, 1), (2, 0)): [3524, 1553, 825, 515, 437, 142, 49, 24, 4, 2]
(2, (1, 1, 1), (2, 1)): [6067, 1522, 1082, 689, 541, 186, 58, 24, 9, 2]
(2, (1, 1, 1), (2, 2)): [7941, 1211, 979, 567, 449, 165, 56, 15, 5, 4, 1]
(2, (1, 1, 1), (3, 0)): [614, 942, 255, 198, 134, 64, 24, 14, 2, 2]
(2, (1, 1, 1), (3, 1)): [1736, 1279, 448, 361, 276, 107, 39, 12, 5, 2]
(2, (1, 1, 1), (3, 2)): [3417, 1358, 597, 497, 310, 148, 42, 16, 4, 3, 1]
